time,x,y,z,phi,theta,psi,x_velocity,y_velocity,z_velocity,phi_velocity,theta_velocity,psi_velocity,rotor_speed1,rotor_speed2,rotor_speed3,rotor_speed4
0.06,-9.727043768293499e-08,1.2038020499919883e-08,10.000819375058196,1.7110002719533668e-05,0.00012020561976378019,0.0,-8.976526503352697e-06,1.1873415780416663e-06,0.027311933951124533,0.0008495341556061646,0.0057363372401122836,0.0,412.3296090040652,412.83593556143956,413.7699285368401,413.8446911438895
0.12000000000000001,-5.0018401809018e-06,1.0492815600621255e-06,10.008939467901788,0.0003342989740726665,0.00014921784510324443,0.0,-0.00018020711135165987,5.678069174287816e-05,0.24333599463074293,0.012942200779150502,-0.012924946772652894,0.0,473.64111404491297,472.20400093251396,471.1821241415736,472.1158265193949
0.18,-1.650515887460659e-05,1.6393317224152823e-05,10.030884647650048,0.000737931426773919,6.282954272394905,0.0,-0.00013496520305902908,0.0005329826122055668,0.4880971564047568,-0.01014553974858904,0.004350611624761586,0.0,480.4473578807826,481.75525592596273,481.24119427295904,479.4906573646507
0.23999999999999996,-2.1553849463397144e-05,5.871357995146901e-05,10.05900804173643,0.00017255053657816433,6.283149333312071,0.0,-5.1977514901276476e-05,0.0008299096319273501,0.44936581159600003,-0.008015763893033025,0.0009556487464385775,0.0,390.05861411220525,389.7414238451786,391.32525416209893,391.52353430416156
0.3,-2.5169012460223787e-05,0.00011093396664377738,10.09863865984485,6.282752652838802,0.0006738877814944644,0.0,-0.00013482502696468446,0.000829998390465602,0.8714312738177272,-0.0145888209215356,0.02764575280803582,0.0,529.3483747317982,531.1814847098638,529.1434656722962,528.6909860496361
0.36000000000000004,-5.662971687516189e-05,0.00014686397748796934,10.156423676675521,6.28170204297966,0.0028146586487132197,0.0,-0.0011349071580829134,0.0002585458368748492,1.0545844023169166,-0.024107491798196535,0.04821748911051414,0.0,463.0723598193598,464.68804919554054,463.1289534370433,462.37984201424575
0.4200000000000001,-0.00019652222017898523,0.00012485511530810936,10.223494466720863,6.280307741412303,0.005579112464433322,0.0,-0.003827765288564191,-0.0011423301477081946,1.1809848375700789,-0.021554600490269967,0.04140207100401042,0.0,446.2863944409275,445.7310615400379,446.5382061196158,446.7463404886695
0.48000000000000015,-0.0005747361973106184,-1.8410346390016505e-05,10.301310232647543,6.280103573852774,0.007791868155970327,0.0,-0.00906556267766335,-0.003706617823337446,1.4126149368411918,0.01911666223293783,0.02581006313493052,0.0,478.5304099415823,477.34267894160195,476.9604982781008,480.0562979556146
0.5400000000000001,-0.0013102022728116462,-0.00030874403098098027,10.39204868743834,6.281014084745445,0.00975722477787766,0.0,-0.015656026885593716,-0.00584868420473102,1.6117395634910532,0.00581895139857126,0.04391412756775526,0.0,467.9986098212191,469.4058282804494,470.2921929678807,469.2610737980125
0.6000000000000002,-0.002453497836693143,-0.0007012900912634016,10.49100684042213,6.280845211613565,0.01226879640566203,0.0,-0.022706008183332255,-0.007215372345502611,1.6867549220068865,-0.032002594566811024,0.03739768322867164,0.0,431.39138273906684,430.8418220312683,433.45553354011884,430.26560489432717
0.6600000000000003,-0.004121169384872029,-0.0011988425522171965,10.598631656154092,6.279153467950156,0.014281031634967967,0.0,-0.03313335113770265,-0.00958227351947128,1.9004047055340612,-0.021501955319882696,0.024413117735937722,0.0,474.29530654187573,473.29746186790834,474.41408053138304,475.2194231038761
0.7200000000000003,-0.006331473813815992,-0.001838906060474449,10.710275787247244,6.278036732531302,0.015428565267756156,0.0,-0.04064619128726132,-0.011844147842888333,1.82119436056504,-0.013382672776634536,0.005602894485077799,0.0,380.1940886081089,378.3876829602483,379.57166145969614,380.35000105524864
0.7800000000000004,-0.00910125327848253,-0.0026626239191891716,10.823234446728529,6.277234930471188,0.016053789184044653,0.0,-0.05172885519982323,-0.01569657606938558,1.9438920925382024,-0.013324786457953514,0.018639227821859977,0.0,446.99639115107874,448.0573110269307,447.04869548068945,447.0535295072907
0.8400000000000004,-0.012551241982804873,-0.0037342184025787417,10.943485333350935,6.276102866321914,0.017407957808323715,0.0,-0.06339824717639428,-0.020119870879022922,2.0642579974626254,-0.03326640761676717,0.029454469115043666,0.0,445.70256661869735,446.585587804503,448.6664002238245,447.0445249010409
0.9000000000000005,-0.016707041769749804,-0.005089231539689713,11.069507204823783,6.273911253508956,0.01941682017841906,0.0,-0.07531189965787087,-0.025250171781569124,2.136333493856663,-0.044007558600075714,0.04051348879388548,0.0,431.9607486340368,432.89276750692,432.3757615518423,431.4692547978165
0.9600000000000005,-0.021626920470372117,-0.006801376092579557,11.200211708074228,6.271041503863152,0.02141185986742844,0.0,-0.0889082244995137,-0.032092789046797174,2.2203156472741488,-0.056842197250131406,0.011911024914023299,0.0,436.96833865130196,434.57794624215114,437.35405265104737,436.282318602554
1.0200000000000005,-0.02739740524400529,-0.008984992909808129,11.335966282129638,6.267311041069984,0.022727037082456825,0.0,-0.10354414179156565,-0.04104514132137887,2.30466249260291,-0.07584059590512247,0.036781031343487036,0.0,435.5990877282578,437.6738450129485,437.71022837715526,436.1233442092987
1.0800000000000005,-0.03410141219991027,-0.011802498646233516,11.477817395382615,6.262883431403967,0.024839493123151257,0.0,-0.12014374944108289,-0.05333749341532311,2.42344874088287,-0.06998703538891052,0.031859625440965114,0.0,449.51375623625916,449.115302431205,446.45630138689114,446.92939915815236
1.1400000000000006,-0.04186760701590705,-0.015468986085642551,11.62767960737904,6.258340297960645,0.02632568163711735,0.0,-0.13891387286554646,-0.06934480449561689,2.5716197629172974,-0.09077587288152161,0.004230955850634249,0.0,458.60044781093666,456.4007623609061,458.52690575173335,456.86790086631703
1.2000000000000006,-0.050806194769760435,-0.020220999958387484,11.78718272305256,6.252699934541258,0.026772944919325248,0.0,-0.15906920095857133,-0.08966940183101507,2.744731320047936,-0.10140212334019914,0.013227030343121327,0.0,465.50115313018176,466.2044653300946,466.24354099071536,465.40549600343445
1.2600000000000007,-0.06095837708392253,-0.02631329576711732,11.956763988077697,6.247353404862157,0.027651577642265224,0.0,-0.1794197346086881,-0.11402210484941144,2.9075516228056486,-0.07182600817978839,0.01733673444280328,0.0,464.1350316296327,464.4573418832938,461.7927280705218,464.1131086925312
1.3200000000000007,-0.07229631796947077,-0.033906768982409206,12.134091797491035,6.2433252230264085,0.02825108389196096,0.0,-0.19859550057946918,-0.139505474878713,3.0031068461509203,-0.05910907000214681,-0.011747896136851938,0.0,445.19466283943586,442.80844017539454,443.1359988405229,444.17669058781087
1.3800000000000008,-0.08483526738160885,-0.04317311691014562,12.318728616692121,6.24000104987369,0.027044759060670387,0.0,-0.21926641458710663,-0.16973048717966893,3.1510404792732984,-0.04886736281657057,-0.047424596992762524,0.0,462.1538270514307,459.3330429123549,459.97300389429677,460.7813824738315
1.4400000000000008,-0.09853131705538669,-0.054245775411270146,12.510445362721894,6.2370494788271404,0.0238168718402072,0.0,-0.23696346868168747,-0.19964264708925838,3.2392624885245023,-0.04985167366344691,-0.07128187274210654,0.0,444.82918535893043,442.8690553349583,442.1171354161891,442.0345103041278
1.5000000000000009,-0.11327060061344862,-0.06727785820791314,12.709692097423751,6.234204829516527,0.01994178804251323,0.0,-0.25388592578425845,-0.23506291473354907,3.4018164078960087,-0.04292988950460463,-0.05375582373614086,0.0,465.84074456425964,467.2062616099357,465.8824756758813,466.42212388844536
1.560000000000001,-0.12893383346512569,-0.08247638596037407,12.918255927927323,6.231608689232189,0.016952411489882913,0.0,-0.26787651786503475,-0.27181519878490995,3.549850560818779,-0.043955808085502,-0.042935395167388014,0.0,462.38321806436267,463.2334157084439,463.15155468635504,463.0698990584501
1.620000000000001,-0.1453563514630271,-0.09988500944183401,13.134683618671188,6.228805967333614,0.01445084462725621,0.0,-0.2792719018848165,-0.30873660456174423,3.6640302585358038,-0.052887316000571095,-0.03931731030682216,0.0,453.1300732747691,453.41995140937416,454.26829812201527,453.55022996113763
1.680000000000001,-0.16235269664600246,-0.11934215517768731,13.353812411547901,6.225430423119775,0.011662175646763195,0.0,-0.2870652823835585,-0.3401131068200689,3.640321164838941,-0.06403509114701815,-0.06733305534893831,0.0,410.7158290071673,408.2215880092284,410.51094651186776,409.517982627492
1.740000000000001,-0.17976059394594623,-0.1407214100131175,13.571177637583116,6.221115966650533,0.007518903845925351,0.0,-0.2928652838116521,-0.37286363296396596,3.605277052563184,-0.09633325846020138,-0.07273912011191967,0.0,406.95641729389433,406.46808250720153,406.1871949644816,403.27498673545887
1.8000000000000012,-0.19748449382378763,-0.16448801053563672,13.791884026263391,6.215404602428736,0.003720559779711863,0.0,-0.2974906174382437,-0.4199520578208944,3.7510889162558425,-0.09299617144747263,-0.04910236430404203,0.0,463.0741493638156,464.92690989098173,463.3805671452517,463.63553403688627
1.8600000000000012,-0.21541134566972026,-0.19128766554797055,14.022528045304883,6.209944495253103,0.0009004305093283094,0.0,-0.2997398685281349,-0.47395958890244405,3.936369326987186,-0.08728732620402498,-0.043102962504206,0.0,476.6559130086601,477.1130304931631,476.0135588864995,476.4438888520212
1.9200000000000013,-0.2334069392438435,-0.22106666564975153,14.259075386762571,6.2043272406246786,6.281464383766075,0.0,-0.2998821956533473,-0.5191501958710633,3.9484516180521987,-0.11093702793164048,-0.04488796702606494,0.0,423.82654702923537,423.6719164641248,425.47233652500637,423.4343197105741
1.9800000000000013,-0.2513529902871972,-0.2540459835124762,14.5011054713614,6.197497232401734,6.278409744719998,0.0,-0.2980029630050302,-0.5808689531511453,4.118538510825986,-0.12036061013678617,-0.06703976416995318,0.0,474.69079892711704,472.9861324879411,473.8439060131533,473.10813180926044
2.0400000000000014,-0.2691338501128997,-0.290527081537318,14.74921998957565,6.191187963685211,6.274205709037602,0.0,-0.29431540594797323,-0.6357710876018596,4.151750236049821,-0.08511495856257983,-0.07693462605060708,0.0,433.09224964909663,432.25519156567964,431.27334276679625,434.2295717769555
2.1000000000000014,-0.2865990146847137,-0.3305467818963685,15.000736187597019,6.185972690818648,6.269437234870075,0.0,-0.28739571373058304,-0.6987033455011239,4.231755797716317,-0.09080052187707557,-0.0851077669401348,0.0,448.4573650700756,447.78789303186574,448.19406689323495,447.7254929929039
2.1600000000000015,-0.30359786930283206,-0.3741481956138261,15.25398919762791,6.180442729582888,6.265368137002724,0.0,-0.27885695740434874,-0.7551473049101272,4.210018302506328,-0.09504507943786435,-0.0459993544807187,0.0,413.8615452842644,417.28541018521304,416.12156796734246,415.74198942711837
2.2200000000000015,-0.3199257509410463,-0.42177166156120943,15.511110888384424,6.174827820240839,6.262698016705002,0.0,-0.26511859086817724,-0.8328623465815269,4.3600383872543444,-0.0908070654830089,-0.04166474677963151,0.0,469.37816215130624,469.71344376955324,470.82118696872317,471.1421110087283
2.2800000000000016,-0.33542955822709125,-0.473880123402043,15.774464933311018,6.169284947212358,6.260790438098493,0.0,-0.25147261553963973,-0.9045893662932277,4.4181069397052255,-0.09572899986947289,-0.017086767874005725,0.0,443.2159651510845,445.23109786548724,442.6333501205003,442.22081535400355
2.3400000000000016,-0.35003738963267034,-0.5306272190680467,16.043240687721152,6.163468706999776,6.259616852190911,0.0,-0.23535000629905703,-0.9875344238676386,4.5404845398776015,-0.09946863609795929,-0.025031303317210842,0.0,464.676144633603,464.05292905956765,463.74066941778216,463.4391824657992
2.4000000000000017,-0.36370520541607815,-0.5922034203587846,16.317086704239923,6.157370768281183,6.258466796665974,0.0,-0.220124670929364,-1.0655517152812672,4.587405877302391,-0.10635060770994964,-0.009461257377294573,0.0,440.7895663892584,442.07456163339145,442.3683305839987,441.79216425990353
2.4600000000000017,-0.37639657877883825,-0.6588012355180384,16.59546920699133,6.150462634178915,6.257802666710326,0.0,-0.2028682481200668,-1.154990445855139,4.691438245486998,-0.14536401953807393,-0.01449513924026702,0.0,461.3397981359578,460.94224209288103,460.9889504205937,457.8829595757661
2.520000000000002,-0.38807615090980396,-0.730715787057735,16.878561475349727,6.141437935577127,6.256841275909357,0.0,-0.18636935935504345,-1.24297017074465,4.744561961938411,-0.16311903436438405,-0.019269020537996194,0.0,446.15968302434527,445.7697909463804,446.09392514491225,444.61999307652474
2.580000000000002,-0.39871170964697467,-0.8082750561042408,17.166108974874113,6.131661616914551,6.256148902339014,0.0,-0.16806976587733274,-1.3432665372399561,4.839719499097959,-0.16258076629940488,0.0006220272558824557,0.0,459.0329994063156,460.60904666916406,459.5506990933519,459.56903678711456
2.640000000000002,-0.4083284917861223,-0.8915493594389934,17.45606719534565,6.121585641128394,6.256641784496246,0.0,-0.1525139493423231,-1.4333903406404778,4.8253944814959295,-0.18164934696401078,0.020204727459322173,0.0,425.5522111823676,427.22535747929663,426.4943162751891,424.83350112394606
2.700000000000002,-0.4168761519967911,-0.9813227705534683,17.750664703569996,6.1103650958290014,6.258058710715563,0.0,-0.1325784065561827,-1.5601623300135594,4.993467697135952,-0.20074820534326845,0.029686904224347596,0.0,482.5240583062286,483.2394521155176,484.57903085377217,483.10975923077024
2.760000000000002,-0.4242765082813095,-1.0788619948026188,18.05472399724403,6.097926496693001,6.259618174099552,0.0,-0.11430425928618289,-1.6923421311546072,5.140803391743323,-0.22551673068487768,0.017327458518672307,0.0,479.0571238249855,478.11636164361136,481.14261689202897,479.22394765945216
2.820000000000002,-0.430636581919782,-1.1844190275229811,18.366541454873975,6.083912425987176,6.260255107548286,0.0,-0.09780683328142345,-1.8275248854789667,5.2521614874396025,-0.25892764140346763,-0.00826794984393961,0.0,471.6114118846396,469.62992045774104,472.18185409058407,469.5442453329217
2.880000000000002,-0.43610876443091856,-1.297569781222379,18.6809736940994,6.068890542614364,6.2602758701669,0.0,-0.08458270370690127,-1.9454403776636129,5.228584237236826,-0.23720307403663904,0.0135925443585995,0.0,429.1305715102578,430.9825606797248,428.96494160343485,430.7403334956652
2.940000000000002,-0.4408096424325568,-1.4178781024245464,18.99316243660212,6.054537421695294,6.26143368551034,0.0,-0.0721925509620968,-2.066002811719233,5.177505281347222,-0.24358008961524175,0.028782197925288022,0.0,420.5469957080009,421.8608748690772,421.95984920691996,421.34824263882604
3.000000000000002,-0.4446854563328671,-1.546758322871025,19.306915057368176,6.040256075482265,6.263331218095242,0.0,-0.05720644393445031,-2.2313310432683413,5.279847064915991,-0.22875799972528418,0.03677842951921563,0.0,471.04144885013545,471.6597981180127,470.9720430499362,472.0640177085765
3.0600000000000023,-0.44778225113801057,-1.6848812623519638,19.622849808125878,6.0271154253405115,6.265885929899007,0.0,-0.046225737261437805,-2.3738778814762607,5.2509312258972,-0.20446488265331414,0.052195197693657935,0.0,431.6340534425785,432.9344301074073,430.10711877372955,432.11027197726753
3.1200000000000023,-0.45031654240969893,-1.8310199403027494,19.93411916398492,6.014733660570657,6.269061041545932,0.0,-0.038466768611988715,-2.498386225592795,5.124850131127151,-0.21044998264222703,0.05432677713103049,0.0,399.13532067125936,399.3320301671153,398.31362075399846,397.7183844321868
3.1800000000000024,-0.4523546578906185,-1.9863184786268577,20.243215120641693,6.001913169684476,6.272435086731882,0.0,-0.02980420790951416,-2.6793256046558525,5.1774609682570265,-0.22104769827156845,0.05979779502693083,0.0,458.51460317011015,458.9511524316923,459.7857933019567,458.9016637956698
3.2400000000000024,-0.4539549062350994,-2.1523536852740346,20.554104425589397,5.9884000704654525,6.275857020054659,0.0,-0.023863475530929604,-2.856299456238267,5.184804705214084,-0.23521373361011264,0.05083395428874497,0.0,446.72758261342045,445.99812339450295,447.0504648550497,445.84404424345877
3.3000000000000025,-0.45526533582148027,-2.3290736030942853,20.864750357096916,5.9739086831742085,6.279296092915809,0.0,-0.020109592361809505,-3.0355349992107663,5.169395374425159,-0.25871001768003943,0.0678641697416293,0.0,440.22137103771684,441.63081416052125,441.12076737627683,439.11593899583454
3.3600000000000025,-0.4564122620013837,-2.517140693001582,21.175412499524366,5.958273759081123,0.0003991341614728583,0.0,-0.018516957478385696,-3.2346538467084303,5.185057102188847,-0.26460720257810816,0.07785386754879091,0.0,451.6996458578352,452.5084891325338,452.879313954062,452.3375553162672
3.4200000000000026,-0.45754643617469964,-2.7172198094700395,21.486241305584162,5.942192477296869,0.004899516562011819,0.0,-0.019704789400035148,-3.4359373935625888,5.175017665584069,-0.2758939603459982,0.06860153890108275,0.0,446.4135925342431,445.6621876655579,446.55204020931626,445.5577262864355
3.4800000000000026,-0.45883055453416854,-2.9295321697806584,21.795986655075083,5.9260017933345175,0.008639636272325113,0.0,-0.023449707731471925,-3.642435263571892,5.148950694672124,-0.25990217805779153,0.045275810958113526,0.0,443.51843930257854,441.6008030873152,442.29436344298585,443.53564454176234
3.5400000000000027,-0.4604766966772283,-3.15739798852768,22.111717677551177,5.91113755561511,0.011039564876222485,0.0,-0.031737641954028284,-3.954321209932227,5.372929034352284,-0.23060285023256458,0.026514672414593564,0.0,522.8755872659945,521.5672553939132,521.4928179759094,523.4832871532545
3.6000000000000028,-0.462596192446487,-3.4016956449038185,22.433996098013367,5.897382673810462,0.013256827368831381,0.0,-0.03908810211287861,-4.189989189897176,5.3686017293489545,-0.2266722483839166,0.052292553139974884,0.0,456.3486936755916,458.40272610441343,456.6874020480787,456.9501920871735
3.660000000000003,-0.4652032716212275,-3.6603453024853567,22.75579572720805,5.883621282048807,0.017525167518583906,0.0,-0.048162838330650354,-4.432693460380252,5.356941758496832,-0.23533987179780322,0.09418986328477716,0.0,455.5838589323515,458.92560810568796,457.34876025681353,456.6068630474544
3.720000000000003,-0.4684685578080411,-3.934352753142559,23.078045944992027,5.868955058781392,0.023799854256513875,0.0,-0.061261192212347576,-4.701918678264507,5.383247753688782,-0.27711579398610353,0.11985250899289607,0.0,470.7912717338888,472.78168781949375,474.12392508637936,470.84404705485787
3.780000000000003,-0.4725282564902204,-4.222826012128847,23.397256472989426,5.851992643858688,0.030916121770579785,0.0,-0.07460172854010798,-4.915083933265926,5.2564749704436435,-0.29722688472354153,0.11598628612345557,0.0,423.0352813829491,422.71556803942354,424.2836222015127,422.4666935726518
3.840000000000003,-0.4775573506695536,-4.5251324252360385,23.710429599283852,5.833999155458855,0.03840341957464144,0.0,-0.09363491557457386,-5.16306254502702,5.181476673695233,-0.30582138319389257,0.13824763399425108,0.0,442.5207291592142,444.36376201682555,443.6211953144906,442.822676113857
3.900000000000003,-0.48398618269640514,-4.843989633575141,24.021775732683157,5.815877027948744,0.04636877213547219,0.0,-0.1214298139704732,-5.466733399522357,5.194778184261047,-0.2953887088182349,0.11855473441517853,0.0,477.92393419967505,476.4349152706934,474.78167418790736,475.49502702456874
3.960000000000003,-0.4920576164942709,-5.179678678651258,24.33032216062927,5.798288538774788,0.05352496213762947,0.0,-0.14817779909505457,-5.72409452865119,5.088953231618952,-0.28899812945088943,0.12066167435874793,0.0,439.7966897978264,439.9841713399448,439.0250211333665,439.46661025571905
4.020000000000002,-0.50178404064964,-5.530505867104328,24.631263148727097,5.780921368796545,0.060776983997887335,0.0,-0.17656969846260562,-5.971320749505826,4.9414791056626335,-0.29037576591611636,0.12127421453945053,0.0,427.3910146652121,427.4570540371236,426.9452938941639,426.73882347786974
4.080000000000001,-0.5134142610259934,-5.897121355815355,24.92446148488767,5.764608591978533,0.06823427602989263,0.0,-0.21167591264487867,-6.2502692546755085,4.830490876206084,-0.24912968440972041,0.12971652732761074,0.0,442.21387587219317,442.92299396575606,441.90075679169354,445.2113310090286
4.14,-0.5273660532316404,-6.281374439335478,25.211948562319698,5.749877905716261,0.07569793348798193,0.0,-0.2540014632857979,-6.55904954528418,4.750836969143921,-0.23912333664508129,0.11077159176086107,0.0,458.70880865244743,457.21482479637575,456.7029920903315,457.4420271353744
4.199999999999998,-0.5444475155829506,-6.687462359080035,25.49961300875603,5.735139553578769,0.08258742732945734,0.0,-0.31600495784513755,-6.977722600229148,4.834982117770751,-0.26364922267254437,0.12189384199623768,0.0,516.673320087156,517.4667270303771,516.654870792806,514.870237804755
4.259999999999997,-0.5648544282302581,-7.1155163591078825,25.786402755913702,5.71909816402531,0.08954059187352303,0.0,-0.3647605367395171,-7.291624372427981,4.723008164878166,-0.27602931700100874,0.0998258730683566,0.0,458.3178643797913,456.57135222183456,456.1648726886931,455.1043845127692
4.319999999999996,-0.5884532060239449,-7.563572756902185,26.067684021408795,5.70219259856391,0.09536965357897209,0.0,-0.42229067264234404,-7.644363548838793,4.650823563940458,-0.2967713455674976,0.09118330730897423,0.0,475.44461146436197,474.7891660367532,475.8425864322787,474.17594289338615
4.379999999999995,-0.6153479112692211,-8.031596607578948,26.342129388326228,5.684532461390875,0.10118859664969904,0.0,-0.47456832559228546,-7.95735093788353,4.495637805007522,-0.2898724492513197,0.10659368264531893,0.0,449.8230482587244,451.0774641667307,449.705976222334,450.1776807600604
4.439999999999993,-0.6454480617115292,-8.518521640942684,26.606826795505032,5.667913795593611,0.10833953219373704,0.0,-0.5292203822152651,-8.27433425906119,4.325899262800927,-0.25911908195272715,0.13675799449778833,0.0,448.55107378355723,451.0069521948113,447.2083876953994,449.62899245616046
4.499999999999992,-0.6787950396755695,-9.023937061002561,26.86002058594858,5.652431904688973,0.11644119877548675,0.0,-0.5828711940957206,-8.573708257110182,4.112497829301995,-0.2559450162842249,0.1313254259691552,0.0,436.8822146788594,436.44601829655403,436.0597248702529,436.25655838452434
4.559999999999991,-0.7158999149448285,-9.54966115032005,27.103082866436456,5.637082689856715,0.12442471416676426,0.0,-0.6544883427758141,-8.950930191000138,3.987212430077895,-0.25557240887858274,0.1363139227322384,0.0,475.27229348373896,475.66960722322705,473.1420511529892,473.1093419068024
4.6199999999999894,-0.7569245186530884,-10.095803721913887,27.335096118644376,5.621919530548148,0.13236908218254317,0.0,-0.713485831098918,-9.254642093369204,3.7451103381214716,-0.2475597399357801,0.12315768221333867,0.0,435.16631301552866,434.0796607894092,434.45419942609374,435.0600512740376
4.679999999999988,-0.8013386498893227,-10.659214161074978,27.55085619393127,5.606824546117757,0.13957172720330213,0.0,-0.7674018952329483,-9.52667925129675,3.445827892026113,-0.26114908657507746,0.11295631543056868,0.0,414.6739456357097,413.79054887065735,415.5254473216183,414.2630814205638
4.739999999999987,-0.8500686971880722,-11.243575114819375,27.75392433900264,5.591670435195578,0.14627002680849532,0.0,-0.857277884489103,-9.952224091115298,3.320163086087466,-0.23938581691475327,0.10886532464551689,0.0,488.55419492782454,488.2587827958351,487.3121057673775,488.8784192160429
4.799999999999986,-0.9037721671423093,-11.851412527159072,27.946347005901362,5.577085054427368,0.15279603243597073,0.0,-0.9331612801958677,-10.3095359047758,3.0918316159347974,-0.25175530277846103,0.10856907398016276,0.0,455.48209159669875,455.4684942994124,456.1570364677141,455.11002093311504
4.859999999999984,-0.9621586691840609,-12.481069314239061,28.12496238205281,5.562200547786897,0.15919572902876133,0.0,-1.0133449266080494,-10.679454124417362,2.859705529828724,-0.24159018360141027,0.10254800466481194,0.0,459.31316289571157,458.8447742530682,460.49737081654615,461.2417212801035
4.919999999999983,-1.0257909697285836,-13.134557934412692,28.29093838982303,5.5478685709261235,0.16564370400398687,0.0,-1.1079606052871498,-11.10358483252048,2.6699030254379625,-0.23391924142527643,0.11582596641493817,0.0,482.6654213714983,483.6758817028383,483.5375003972285,484.0633366649147
4.979999999999982,-1.0943941462892293,-13.810492527692757,28.44161639397122,5.534424822392882,0.1723331425710466,0.0,-1.1791239794857873,-11.428244302897463,2.350921681937814,-0.20939313687830513,0.10099617025442956,0.0,438.2698595652101,437.04611302035346,436.0756187454807,438.06903459003274
5.0399999999999805,-1.1670743966238748,-14.505064427643909,28.57174698590161,5.5214214367942365,0.17830616356518458,0.0,-1.2438301411924977,-11.725043514553375,1.9853224612815357,-0.23832016817814444,0.09649204447111176,0.0,421.6858703333328,421.3055376280588,422.8022930608666,420.2509354750444
